1
80 80 
27.573435 18.817997 21.249742 19.094567 21.086518 22.331753 20.234246 18.907104 21.607676 16.607598 17.189079 20.696013 19.966405 21.259562 19.778729 19.414954 21.076490 18.923612 18.560809 16.793839 20.017857 20.276014 17.870353 20.889635 20.990203 21.629558 21.408798 17.744712 22.458317 20.570228 17.369517 23.283657 22.045563 21.093648 20.954750 23.246509 20.364806 21.570972 21.709414 17.288274 17.665491 17.489842 20.769946 20.180683 18.904652 21.473751 19.723975 19.674174 19.110181 19.938251 17.449045 19.767075 18.794103 17.719549 19.930914 19.304306 17.653438 18.185651 21.556824 20.888256 20.298026 21.369103 21.266937 19.316596 21.546457 19.806514 17.674993 18.813697 21.760339 22.815471 20.841917 21.592096 20.467349 20.868307 20.315283 19.704640 20.639248 21.301970 19.800799 20.977608
18.817997 27.807041 19.173600 17.715982 18.593630 22.969883 19.524323 17.039202 21.136826 18.354656 15.532313 20.325672 19.764919 19.518143 18.588798 16.956514 20.570247 17.190013 18.740820 17.602592 18.916372 18.618193 15.644423 20.665313 19.919433 19.853202 20.870767 18.259161 19.439296 20.178582 18.053549 21.047155 21.890756 22.632029 17.288415 22.043393 18.660576 21.310673 21.186291 16.711512 18.270611 18.088467 18.894032 21.250666 20.066234 21.239863 19.214106 19.153533 18.160402 18.503603 19.272592 20.492463 20.446559 18.729852 17.428532 18.588470 17.619599 17.244704 20.121032 19.352566 17.694188 20.065426 23.317804 19.625211 21.430866 18.080861 17.675098 19.589344 21.845575 21.750674 20.260134 20.055742 18.246444 20.669701 20.986426 22.840192 20.175274 17.420872 18.865689 18.813777
21.249742 19.173600 26.066633 17.774261 18.815930 22.417076 18.344630 19.132136 20.262525 16.391625 15.869047 19.215333 19.934504 19.688284 19.253177 17.763624 21.013877 18.226124 18.947622 16.647319 19.626059 19.666243 17.078437 19.148104 20.043841 19.214082 21.770794 16.718455 20.615239 21.125495 16.936808 22.468255 21.158857 20.835837 20.006523 22.047948 17.865766 19.758619 19.973113 17.172620 17.867643 18.270893 20.226026 18.975571 19.902312 20.573307 19.296756 19.419571 17.956543 18.542119 18.115931 19.307061 19.467064 18.193288 19.568680 19.348470 17.178611 17.666726 20.146501 21.042000 19.418187 20.611602 22.526724 18.139624 20.461182 20.261834 17.126414 17.943678 20.906752 21.983847 19.367498 18.921912 18.581832 21.217363 19.455445 19.959683 19.270634 19.158065 19.555705 20.262898
19.094567 17.715982 17.774261 24.378837 18.756194 21.279501 19.353880 18.493516 21.355546 15.136295 15.414191 19.593009 18.432522 19.341438 19.157978 17.100140 19.219057 15.783535 18.593459 17.172337 19.839586 17.393131 16.562628 19.296581 17.408042 19.610858 20.004261 17.177306 20.579619 19.460894 16.144689 20.346079 18.820886 19.148260 17.878033 19.865763 17.414708 19.533693 19.847318 17.459213 17.735276 17.921618 18.762409 20.662005 19.149321 21.152996 19.939092 17.595610 17.903202 17.731785 16.448862 18.646159 17.942644 16.879442 17.816748 18.490041 16.303493 16.435008 18.364145 19.181647 18.273288 18.882033 20.916672 15.604565 20.234616 18.817072 16.525932 17.834335 19.622487 21.026695 17.379009 19.024133 19.885526 19.708158 17.694769 19.133019 18.486208 19.668973 18.083731 17.966619
21.086518 18.593630 18.815930 18.756194 26.978952 21.259118 19.252624 17.868411 21.134381 16.150949 17.085543 20.880736 19.360564 20.628909 19.665400 18.802189 20.975495 17.578284 17.710362 17.425152 19.011458 18.337966 16.731826 20.396325 19.787360 20.681644 20.155852 17.873457 19.630504 21.240502 16.963793 22.203205 22.199851 20.320748 20.174521 21.278381 18.846201 20.463437 20.405250 16.931181 18.548983 18.136059 20.205436 21.269273 18.740926 21.336953 19.896327 17.656748 18.299615 17.639538 16.989031 19.898107 18.646948 16.988666 18.696205 18.389835 17.101686 17.621652 19.290687 21.180026 18.788388 21.702791 22.151764 17.375547 20.679887 18.523083 18.019843 17.465645 22.213280 21.635807 19.366987 21.209631 21.340055 19.224516 18.718467 20.120791 19.724694 19.558324 17.771972 20.483986
22.331753 22.969883 22.417076 21.279501 21.259118 32.208941 22.137872 20.466804 23.146548 21.070449 17.186871 22.136509 21.967739 22.787354 21.848190 20.928892 23.305781 19.397506 22.377056 19.722610 22.377152 21.636962 19.194416 22.562364 21.688767 23.406732 24.411301 20.209330 23.883223 23.437797 19.049597 25.955325 23.990082 23.827844 20.985547 23.613757 20.404856 23.861970 23.987736 19.224591 20.988262 21.521412 23.205911 22.284267 22.751618 24.421750 21.740049 21.425381 21.422146 21.772171 20.325526 22.383152 20.905585 19.874460 21.242913 21.209407 20.303283 20.086055 22.383373 22.267107 21.415217 23.540704 25.639529 20.526306 22.538678 22.505793 20.188731 21.124298 24.272752 25.042220 23.083186 22.826869 22.165832 23.913535 23.175590 25.239792 22.331109 22.054922 20.088519 23.301968
20.234246 19.524323 18.344630 19.353880 19.252624 22.137872 28.720581 19.603410 22.967457 16.745083 16.347434 20.424976 21.334800 21.540220 19.099171 17.901246 19.912469 18.236278 18.208942 17.419178 19.556428 20.133861 16.651144 22.552357 20.193537 18.949515 20.070961 18.242273 20.777356 21.067256 17.878865 21.098475 22.413708 21.173824 18.334954 22.645696 19.528463 20.462198 21.245330 18.851024 18.395726 21.557631 19.754108 20.570922 21.293487 22.339416 19.673711 19.268853 19.776430 20.877308 18.427886 21.094594 19.432773 18.797294 19.016527 19.618734 17.685636 20.033236 22.070368 22.996738 19.373481 21.292075 22.625302 16.861684 21.074953 19.039817 18.297208 20.464167 22.168440 22.279406 20.730155 20.675685 20.074327 20.411806 20.376194 19.469761 20.316726 21.725688 18.234584 21.830710
18.907104 17.039202 19.132136 18.493516 17.868411 20.466804 19.603410 26.339342 20.590820 16.461087 14.249269 20.690278 19.898716 20.324158 18.937295 17.987341 20.163149 17.986801 18.163668 16.999763 18.891987 18.647013 15.896801 20.900868 19.836301 18.165917 21.349424 16.807543 19.844103 20.459001 17.258626 20.916031 19.517938 21.234723 18.732023 21.441045 18.002549 18.875977 20.342408 17.864697 18.731545 20.001679 19.747685 19.490137 18.298110 21.637134 19.512662 19.177355 19.107511 18.202002 16.687775 18.342772 18.317833 17.437107 19.045551 20.090424 17.062209 17.670235 19.537958 21.113652 18.925918 19.090426 20.818033 16.903984 19.534278 20.884176 16.811241 19.950706 19.655208 21.502446 18.342555 18.994177 20.006369 20.025027 18.898600 20.135866 20.525322 20.063965 16.954919 20.673099
21.607676 21.136826 20.262525 21.355546 21.134381 23.146548 22.967457 20.590820 31.650376 18.528938 17.809036 23.941540 23.545459 23.762613 20.434018 20.702950 22.226188 19.390615 20.274953 19.053101 21.584639 23.651576 17.304609 22.454885 22.351347 20.210790 21.604585 20.340200 21.717528 23.083745 20.399055 22.821157 23.161122 22.699853 20.103903 24.386885 21.514194 22.154597 22.899847 20.591721 21.266786 21.274169 22.204029 21.544429 23.473515 23.806666 23.472777 20.705911 21.709537 21.341648 20.190172 22.056653 22.273198 19.835454 20.657739 20.812000 18.889504 19.631437 22.655406 23.822861 20.482066 21.661530 23.758190 19.891275 23.886422 20.487967 19.559401 21.449604 21.833683 24.033347 20.856885 21.580006 21.978026 21.840072 21.793473 21.727077 22.102247 23.519108 19.374683 23.188429
16.607598 18.354656 16.391625 15.136295 16.150949 21.070449 16.745083 16.461087 18.528938 22.874199 13.136267 18.069505 16.671888 17.461684 16.112724 15.874069 18.857380 14.871248 17.526566 14.769032 17.070348 16.404304 14.429449 18.180440 18.079460 17.024644 18.126052 15.278507 18.923460 18.691357 17.399267 17.993770 19.500062 19.276455 15.761753 18.409915 16.609214 17.527586 18.834949 14.179464 16.754185 17.239105 18.053588 17.110689 16.349120 18.078096 16.957837 16.024798 18.074897 17.431077 16.492616 15.366389 16.812471 14.642913 16.241066 16.802141 15.593460 15.451326 17.791747 17.953808 17.036590 18.225109 18.082524 15.766767 18.066426 17.066255 15.807033 16.733976 18.222861 19.440826 18.076035 19.340790 17.670799 17.255511 18.467355 18.638276 17.977997 17.758849 16.050032 18.191984
17.189079 15.532313 15.869047 15.414191 17.085543 17.186871 16.347434 14.249269 17.809036 13.136267 19.662611 16.657461 16.395354 17.217563 15.763266 15.747883 17.055971 15.484115 16.106324 13.680426 15.744992 15.467853 13.887436 16.720052 15.981577 16.920767 18.322516 14.878753 16.860905 17.493109 14.107255 16.925409 17.716965 16.486838 16.393902 16.311870 16.734264 16.618809 16.304192 14.306258 15.452274 14.779778 16.715141 17.947586 16.185927 18.196005 15.693199 15.869563 15.676760 15.791749 13.648537 17.539936 16.008127 13.736766 15.016733 15.772990 13.035746 15.720279 17.666968 17.318289 15.645325 17.792354 17.322048 16.075769 18.198502 15.989231 14.419380 15.382273 18.193245 18.819374 15.775857 16.536836 17.323269 16.891937 14.252036 15.628822 15.264268 16.614204 14.531598 16.171304
20.696013 20.325672 19.215333 19.593009 20.880736 22.136509 20.424976 20.690278 23.941540 18.069505 16.657461 30.500126 21.666529 22.511829 21.523284 21.439652 22.044793 19.011889 19.586664 18.659646 21.185116 21.985389 17.342443 21.403701 20.920751 21.833091 21.319201 18.983491 20.374996 21.711459 19.702852 21.640793 22.285874 21.976001 20.710863 22.733564 21.210562 21.272422 22.526762 19.092588 18.956561 20.124010 22.192783 22.555435 20.209924 23.396894 22.020926 20.275025 20.855773 18.308718 18.359529 21.407906 20.555155 18.537802 18.508422 20.287247 17.613115 20.506785 22.638180 21.870323 20.879376 21.384825 23.163664 20.511173 22.221441 20.930277 18.173460 21.743272 21.122869 23.764007 22.399931 23.021431 21.602612 22.081806 19.903606 21.257321 22.691877 22.220801 20.361781 23.331207
19.966405 19.764919 19.934504 18.432522 19.360564 21.967739 21.334800 19.898716 23.545459 16.671888 16.395354 21.666529 27.546423 21.700569 19.665007 18.860190 20.509244 18.899428 18.130945 18.179274 19.075693 22.262217 18.311222 21.055329 20.865644 20.126904 21.935620 18.007867 20.135531 20.725547 17.396326 21.577731 21.550709 22.975751 19.959993 22.872172 20.542139 20.131542 21.467965 18.888761 19.653212 20.636562 20.440253 20.232305 21.031386 21.855548 20.098565 20.232591 20.317847 19.541047 19.277846 21.364154 20.186870 18.843874 19.354321 19.615194 17.843845 19.789834 21.055692 22.321396 17.971618 19.679063 24.002847 18.685391 21.786229 19.952400 18.400431 22.377396 20.735554 22.374971 20.881417 21.780043 19.458935 21.841739 21.592892 20.374091 19.820665 20.652757 17.891623 21.557396
21.259562 19.518143 19.688284 19.341438 20.628909 22.787354 21.540220 20.324158 23.762613 17.461684 17.217563 22.511829 21.700569 29.220670 21.513540 20.162070 21.128120 18.668053 19.706510 18.694436 20.301956 20.626845 16.631875 21.759645 21.133179 21.452730 21.004988 17.870110 21.464939 22.945387 17.922332 21.942183 21.647061 22.601244 20.204490 22.541469 20.489455 22.623176 20.867480 19.162033 19.402212 21.610935 22.582546 21.344990 21.983767 24.588429 22.173982 20.667905 21.578351 20.270652 19.620654 20.193812 20.294716 18.850028 19.742273 19.583776 16.475725 20.653388 21.117236 22.585003 18.858441 20.236190 23.410722 18.819457 21.819549 19.414837 19.486597 21.745941 23.566053 22.664445 20.189730 21.705355 21.475974 21.272180 20.945101 20.290738 21.557213 23.107022 19.899373 23.449197
19.778729 18.588798 19.253177 19.157978 19.665400 21.848190 19.099171 18.937295 20.434018 16.112724 15.763266 21.523284 19.665007 21.513540 26.269098 18.481661 21.075961 18.135324 19.271480 18.732184 19.955237 19.055408 17.840523 20.963232 19.504976 21.486678 19.885221 17.826554 19.982543 20.759362 16.890720 21.225082 20.674151 21.061718 21.012256 20.995533 19.484713 20.399589 19.376299 17.041419 19.561247 19.278059 21.042989 21.203495 18.991662 23.024939 19.115022 17.489679 18.803695 18.088611 18.016819 20.675612 18.582012 17.497984 20.398937 20.282601 17.001605 18.780693 19.648436 20.911244 19.114636 21.189343 22.596978 18.059605 21.483396 19.235917 17.881747 19.527008 21.650041 20.325765 20.256515 22.037667 20.571772 21.563072 18.967635 21.140148 19.394298 20.488362 19.607552 19.663215
19.414954 16.956514 17.763624 17.100140 18.802189 20.928892 17.901246 17.987341 20.702950 15.874069 15.747883 21.439652 18.860190 20.162070 18.481661 25.516220 19.875997 17.157333 16.307894 15.510119 16.534044 19.224234 15.687057 18.823367 18.804230 17.824967 19.920793 17.092964 18.718836 20.363266 16.302194 20.357119 19.940270 19.678496 19.323794 19.632418 19.935841 18.665453 17.931096 17.072760 17.646669 17.875355 18.787496 18.821704 17.039641 21.533680 19.100125 18.541584 17.969065 17.151570 16.598564 18.728781 17.168743 16.606225 17.770513 18.068888 15.421888 17.051144 20.683393 19.230497 17.928887 20.023370 19.870770 17.368975 19.299754 18.747966 16.126405 18.905224 19.566825 21.952079 19.660736 20.381034 20.298637 18.806779 17.740380 18.044791 19.315702 19.012210 17.774034 19.864299
21.076490 20.570247 21.013877 19.219057 20.975495 23.305781 19.912469 20.163149 22.226188 18.857380 17.055971 22.044793 20.509244 21.128120 21.075961 19.875997 27.845737 19.527944 20.437713 18.479203 19.467450 20.782328 17.282370 22.816227 21.366605 22.446683 20.997417 18.846983 20.965362 22.913410 18.952063 23.608247 22.528368 22.546907 20.526371 21.835004 19.616911 20.660485 21.121854 18.459966 20.591220 20.585240 21.515549 20.891731 18.779183 23.427299 20.561992 18.800731 19.392638 18.863668 18.703498 19.823712 19.327968 18.187481 19.405039 20.567483 18.521027 18.505868 22.148089 21.421473 19.819920 21.923446 24.068361 19.194942 21.938536 20.789731 19.504084 20.255429 22.487418 24.003377 20.891731 22.926539 21.312108 21.331184 20.262904 21.465909 20.544470 21.023573 20.655397 20.666311
18.923612 17.190013 18.226124 15.783535 17.578284 19.397506 18.236278 17.986801 19.390615 14.871248 15.484115 19.011889 18.899428 18.668053 18.135324 17.157333 19.527944 23.735956 17.573450 14.487170 17.273783 17.884237 16.155972 20.375580 18.789647 17.384710 19.103911 16.293503 18.672665 19.325311 16.877716 19.461380 19.547941 20.352696 18.718582 19.526247 17.034852 18.356671 18.407391 16.567643 17.767115 17.397609 17.646409 17.795068 17.313010 19.199909 16.813271 17.143676 17.572487 17.318902 15.810898 18.264636 17.559082 15.920105 18.133202 17.684563 14.566531 18.088076 20.615292 20.820380 15.527660 18.923009 19.593504 16.742299 18.777407 17.475202 16.123808 17.581914 18.484164 20.040155 18.675242 18.875879 16.899571 19.584993 17.234681 18.555711 17.781347 18.086230 16.830785 18.658619
18.560809 18.740820 18.947622 18.593459 17.710362 22.377056 18.208942 18.163668 20.274953 17.526566 16.106324 19.586664 18.130945 19.706510 19.271480 16.307894 20.437713 17.573450 25.705588 16.898740 19.097890 19.089595 15.868285 20.632156 18.998138 19.377356 20.222221 17.008215 20.579386 20.793399 15.765111 20.552424 20.008731 20.875923 18.351173 19.765004 16.408206 20.357709 20.199019 16.476858 17.685402 18.140795 19.752704 18.768157 19.316061 21.865637 18.348387 17.316936 19.039498 19.909993 17.209674 19.114036 20.145528 15.748450 18.297236 19.058493 17.361656 17.859411 20.359130 20.253681 18.587075 20.085979 20.560427 17.710301 19.029856 18.080298 18.438219 18.178730 20.331123 21.219105 18.665584 19.568942 20.062706 20.172388 18.362879 21.493540 19.221727 18.841386 17.223948 19.349089
16.793839 17.602592 16.647319 17.172337 17.425152 19.722610 17.419178 16.999763 19.053101 14.769032 13.680426 18.659646 18.179274 18.694436 18.732184 15.510119 18.479203 14.487170 16.898740 22.934203 17.832873 17.544217 14.210907 18.833369 17.699419 18.174279 17.565089 17.241892 17.523212 19.535452 15.833117 19.324305 19.091208 18.780675 15.962169 19.752556 16.102135 18.022548 18.250717 16.086745 17.222994 17.349579 18.425886 18.978243 18.918933 21.072003 17.521186 15.576200 17.313770 17.030337 16.906988 18.163463 16.486897 15.724709 16.727328 18.859283 17.041538 16.861579 17.027425 19.011835 17.049554 17.911519 20.079977 16.015147 19.058048 17.928148 16.086686 18.378849 19.151269 19.066975 16.241667 19.519953 18.389192 18.836062 16.984473 19.029026 18.543717 18.239719 16.162761 19.617500
20.017857 18.916372 19.626059 19.839586 19.011458 22.377152 19.556428 18.891987 21.584639 17.070348 15.744992 21.185116 19.075693 20.301956 19.955237 16.534044 19.467450 17.273783 19.097890 17.832873 25.923687 17.724936 16.562886 20.506437 18.477390 19.795899 20.632170 17.899592 21.284487 20.237088 17.653088 20.283260 20.003316 20.726007 19.141179 20.881830 18.216862 20.011977 20.993654 17.342645 17.863582 18.275451 20.890061 20.650370 20.598661 21.521582 19.214346 18.058340 19.688711 18.110716 17.332094 19.351536 18.641796 17.417534 17.617899 19.710895 16.267070 17.163762 18.915226 20.126877 19.921341 20.381074 21.501257 17.374294 20.427204 19.441151 16.370515 17.945800 19.759579 20.943868 18.414692 20.970373 19.746503 20.564078 18.311886 20.287273 18.987240 20.386468 19.184960 20.537961
20.276014 18.618193 19.666243 17.393131 18.337966 21.636962 20.133861 18.647013 23.651576 16.404304 15.467853 21.985389 22.262217 20.626845 19.055408 19.224234 20.782328 17.884237 19.089595 17.544217 17.724936 27.944564 16.255232 19.685033 19.932671 17.559139 20.575937 16.994586 18.653918 20.591662 17.278194 22.152225 20.698526 20.254604 18.705685 21.535815 18.821458 19.769127 19.245263 16.958130 19.388121 18.430959 19.356839 17.919993 20.289882 21.876662 20.480532 19.473759 19.750418 19.068261 18.611922 19.570151 19.452568 17.188662 19.357312 19.629306 17.994300 18.500678 22.183110 20.287442 17.980826 20.090656 21.967701 18.918195 21.442288 20.180620 16.370136 20.019862 20.093492 21.550835 21.483628 20.837443 18.444284 21.080315 19.415521 19.829569 20.689577 21.148583 19.461203 20.577837
17.870353 15.644423 17.078437 16.562628 16.731826 19.194416 16.651144 15.896801 17.304609 14.429449 13.887436 17.342443 18.311222 16.631875 17.840523 15.687057 17.282370 16.155972 15.868285 14.210907 16.562886 16.255232 21.488207 18.234192 15.516832 17.655612 16.795263 15.082606 18.508115 17.326618 14.909031 18.645814 17.372499 18.285620 17.716345 18.969232 15.783898 16.684293 17.925767 15.978813 15.793895 15.170889 16.055333 17.625376 16.840720 17.708562 15.876017 15.257269 15.920695 15.446766 15.299573 17.258136 15.858263 14.772927 16.051558 15.236176 15.110707 15.932932 18.279953 19.498051 15.843094 17.496878 18.800277 16.342297 18.030307 17.463696 14.916945 15.867406 17.412082 18.413513 17.488517 18.082602 16.944168 18.301742 16.821904 17.283019 16.108032 17.109417 16.139342 17.108631
20.889635 20.665313 19.148104 19.296581 20.396325 22.562364 22.552357 20.900868 22.454885 18.180440 16.720052 21.403701 21.055329 21.759645 20.963232 18.823367 22.816227 20.375580 20.632156 18.833369 20.506437 19.685033 18.234192 29.181036 21.459736 20.919414 21.383608 18.916985 21.703621 23.606026 19.136779 22.078847 23.634810 23.706937 20.316782 23.724767 19.675103 21.967691 22.496230 19.373585 20.353880 21.988463 21.598816 22.372621 20.584591 23.505313 19.401292 18.348212 20.354792 20.407669 19.226140 21.280359 20.000560 18.997207 20.172382 21.260808 19.080017 20.217271 22.124158 23.591954 20.680191 21.921956 22.566163 19.100215 21.612014 19.444870 19.024370 21.095161 22.846455 23.132493 20.087849 23.637285 21.941449 21.379255 19.847926 21.500500 20.852777 21.414886 19.636279 21.827978
20.990203 19.919433 20.043841 17.408042 19.787360 21.688767 20.193537 19.836301 22.351347 18.079460 15.981577 20.920751 20.865644 21.133179 19.504976 18.804230 21.366605 18.789647 18.998138 17.699419 18.477390 19.932671 15.516832 21.459736 27.353892 19.398948 21.978190 17.334254 20.378003 23.148363 18.082446 21.082703 21.438705 23.121683 19.723696 21.490547 19.971980 18.736326 20.604307 18.123071 18.741829 20.889617 21.957154 19.099476 19.297674 21.552692 19.711073 17.773420 20.154338 20.534628 17.807561 19.028819 20.804658 18.827321 19.921523 20.264571 17.913628 18.014503 21.153708 21.680818 19.208790 20.583736 22.738038 18.795197 20.643647 18.115680 18.767109 20.191303 22.217895 22.781432 20.705030 21.209494 19.645783 20.530951 19.883112 20.539074 20.419019 20.046299 17.692556 21.099122
21.629558 19.853202 19.214082 19.610858 20.681644 23.406732 18.949515 18.165917 20.210790 17.024644 16.920767 21.833091 20.126904 21.452730 21.486678 17.824967 22.446683 17.384710 19.377356 18.174279 19.795899 17.559139 17.655612 20.919414 19.398948 28.379531 20.060141 18.610981 20.696141 20.755455 18.060439 23.264301 21.052221 21.775949 20.391962 20.874060 19.704714 21.557777 21.484744 17.014163 19.059857 18.847915 21.375771 22.406510 19.367870 22.393109 18.554308 19.156634 19.289903 18.167640 17.518741 20.735462 19.043714 18.151765 18.898676 18.336879 17.362048 18.300064 20.391598 20.318723 19.794979 20.766238 23.363415 19.604758 21.275857 19.749712 18.633618 20.310990 22.190225 22.582498 20.548598 22.001081 21.571693 21.792790 20.084823 22.068754 20.531026 20.053341 19.090050 20.241204
21.408798 20.870767 21.770794 20.004261 20.155852 24.411301 20.070961 21.349424 21.604585 18.126052 18.322516 21.319201 21.935620 21.004988 19.885221 19.920793 20.997417 19.103911 20.222221 17.565089 20.632170 20.575937 16.795263 21.383608 21.978190 20.060141 29.381058 18.112062 22.712830 22.776408 18.505820 23.194172 22.614920 23.942960 19.195185 21.374428 20.774568 22.517793 22.501984 17.125126 20.881823 18.747008 23.280302 21.135977 21.122521 23.388918 21.271653 21.287630 19.397529 19.870094 18.981720 21.265131 20.286505 18.518202 20.859112 20.674034 18.810242 19.997932 22.450209 21.673960 20.726895 21.592709 22.011892 20.578069 21.812810 21.342865 17.778818 20.854953 23.474766 24.165861 21.126003 22.138933 21.201697 22.163998 20.656112 21.725021 21.689483 20.499973 19.516294 22.287959
17.744712 18.259161 16.718455 17.177306 17.873457 20.209330 18.242273 16.807543 20.340200 15.278507 14.878753 18.983491 18.007867 17.870110 17.826554 17.092964 18.846983 16.293503 17.008215 17.241892 17.899592 16.994586 15.082606 18.916985 17.334254 18.610981 18.112062 24.274327 18.471452 19.249770 15.706352 20.052151 20.703382 20.644941 17.244178 19.047911 16.896053 18.445361 18.804873 15.278970 17.613392 17.035778 18.398707 18.026902 18.058056 19.886796 16.840525 16.972146 15.855103 16.979484 16.746025 19.469806 17.113540 16.689593 17.130987 17.360341 15.772249 17.875729 18.066212 19.264875 17.679210 19.046432 19.823370 16.338457 18.949617 18.505829 16.778858 15.982036 17.965475 18.731766 17.255356 18.312259 19.163365 19.725919 18.859076 19.787115 17.346003 17.561954 16.851732 19.247293
22.458317 19.439296 20.615239 20.579619 19.630504 23.883223 20.777356 19.844103 21.717528 18.923460 16.860905 20.374996 20.135531 21.464939 19.982543 18.718836 20.965362 18.672665 20.579386 17.523212 21.284487 18.653918 18.508115 21.703621 20.378003 20.696141 22.712830 18.471452 28.329488 21.948599 18.473530 22.160731 21.139871 21.742836 19.269616 22.802318 19.406534 21.745529 22.798406 17.955155 18.233624 18.572191 20.254524 22.245703 20.156654 22.080837 20.012448 20.047455 19.704833 21.304574 18.434682 21.066124 20.225085 17.834832 20.295919 19.262650 18.985957 18.635530 22.044454 22.503321 19.931917 21.294916 21.372254 18.965245 20.655907 20.724287 18.604474 19.116996 22.046318 23.194469 19.713171 21.023642 21.732670 21.656844 19.155616 20.415293 21.144655 22.205342 19.138230 20.631654
20.570228 20.178582 21.125495 19.460894 21.240502 23.437797 21.067256 20.459001 23.083745 18.691357 17.493109 21.711459 20.725547 22.945387 20.759362 20.363266 22.913410 19.325311 20.793399 19.535452 20.237088 20.591662 17.326618 23.606026 23.148363 20.755455 22.776408 19.249770 21.948599 30.062725 19.096784 23.898419 23.127825 23.853412 19.926415 23.218654 18.981441 21.843255 21.511847 19.728627 20.333305 21.248835 23.526940 22.096797 21.664035 24.993701 21.605081 19.914778 19.711485 20.607118 18.364030 21.154471 20.598841 19.481688 20.815175 21.344462 18.573005 19.683360 22.282416 22.060814 21.108465 22.368506 23.851229 19.955134 22.102849 20.749800 19.428952 20.305491 23.833590 24.204821 20.212235 23.404526 21.425168 21.738577 19.541276 21.764014 21.569021 23.176998 19.772072 24.137765
17.369517 18.053549 16.936808 16.144689 16.963793 19.049597 17.878865 17.258626 20.399055 17.399267 14.107255 19.702852 17.396326 17.922332 16.890720 16.302194 18.952063 16.877716 15.765111 15.833117 17.653088 17.278194 14.909031 19.136779 18.082446 18.060439 18.505820 15.706352 18.473530 19.096784 23.526427 19.054536 19.122993 18.989857 16.417117 18.075635 17.778324 18.179072 19.194179 15.926146 18.466415 17.819198 18.916190 19.583331 17.853760 19.205305 17.408823 16.968602 17.999128 17.367003 16.164773 18.028425 19.033404 15.513216 17.333614 16.189392 15.965181 16.883564 19.467797 19.732414 16.813525 18.411773 19.968571 17.888208 20.640988 17.706660 16.078332 17.079816 18.685499 20.117899 17.826162 19.562220 17.563198 17.245211 17.277795 18.006723 18.173045 18.863381 17.225010 19.249972
23.283657 21.047155 22.468255 20.346079 22.203205 25.955325 21.098475 20.916031 22.821157 17.993770 16.925409 21.640793 21.577731 21.942183 21.225082 20.357119 23.608247 19.461380 20.552424 19.324305 20.283260 22.152225 18.645814 22.078847 21.082703 23.264301 23.194172 20.052151 22.160731 23.898419 19.054536 30.443997 23.713175 22.516004 21.498068 23.515138 19.902084 22.467136 22.654938 18.636008 20.798782 19.575892 22.233822 21.682299 21.290876 23.440253 21.093523 20.443933 18.863210 19.950672 19.151942 22.018070 21.038258 19.972768 21.517563 20.889406 19.100085 20.185464 22.114227 21.409333 21.428563 23.111654 24.917960 21.030829 22.103809 22.782438 19.989728 20.845027 24.104349 24.918728 21.930248 23.443973 21.692685 22.741374 20.989330 23.962779 21.678458 22.023174 21.191781 22.774728
22.045563 21.890756 21.158857 18.820886 22.199851 23.990082 22.413708 19.517938 23.161122 19.500062 17.716965 22.285874 21.550709 21.647061 20.674151 19.940270 22.528368 19.547941 20.008731 19.091208 20.003316 20.698526 17.372499 23.634810 21.438705 21.052221 22.614920 20.703382 21.139871 23.127825 19.122993 23.713175 30.262929 23.957147 20.501537 23.055371 19.944290 23.423094 22.342123 19.180710 20.132040 20.357879 21.910224 21.284688 20.289164 23.432537 20.917170 20.281715 19.057624 20.600179 19.531036 22.047643 19.982774 18.618304 20.898532 20.977512 19.581595 21.275187 23.094854 22.346093 21.897879 23.352723 22.834246 19.451196 22.025095 20.710704 19.783849 19.959589 23.419011 23.550174 22.037617 23.485036 21.196016 21.674427 21.153990 22.380648 21.207184 22.231513 20.055151 23.790036
21.093648 22.632029 20.835837 19.148260 20.320748 23.827844 21.173824 21.234723 22.699853 19.276455 16.486838 21.976001 22.975751 22.601244 21.061718 19.678496 22.546907 20.352696 20.875923 18.780675 20.726007 20.254604 18.285620 23.706937 23.121683 21.775949 23.942960 20.644941 21.742836 23.853412 18.989857 22.516004 23.957147 30.941321 21.045712 22.858551 19.984408 23.005102 23.052277 18.749317 20.745264 21.097759 22.705943 22.154194 20.745627 24.726820 20.012207 21.620410 20.086665 20.593272 19.350075 22.142084 22.031380 20.215213 22.302626 22.151202 18.532210 20.463699 23.077691 22.411744 21.407396 21.519957 24.878413 20.194130 22.374647 20.990473 19.497918 22.207062 22.814542 23.499994 22.211411 24.286266 20.950640 23.439285 23.578884 23.385583 22.159365 20.477641 20.090260 23.164966
20.954750 17.288415 20.006523 17.878033 20.174521 20.985547 18.334954 18.732023 20.103903 15.761753 16.393902 20.710863 19.959993 20.204490 21.012256 19.323794 20.526371 18.718582 18.351173 15.962169 19.141179 18.705685 17.716345 20.316782 19.723696 20.391962 19.195185 17.244178 19.269616 19.926415 16.417117 21.498068 20.501537 21.045712 27.188730 20.662175 18.935300 19.118848 19.086957 17.935518 17.072185 18.630461 20.414183 19.675195 18.017632 21.209346 18.001479 16.944049 18.886279 17.871457 16.095449 19.271964 19.392942 17.180493 19.261736 19.413854 16.476718 17.723233 19.558296 20.125775 18.344792 21.638744 22.305234 17.904055 20.228434 18.773019 18.248202 19.104421 20.324194 21.547236 20.394240 21.237643 19.626942 20.890672 19.284073 19.824600 18.079592 19.961782 17.351807 19.689516
23.246509 22.043393 22.047948 19.865763 21.278381 23.613757 22.645696 21.441045 24.386885 18.409915 16.311870 22.733564 22.872172 22.541469 20.995533 19.632418 21.835004 19.526247 19.765004 19.752556 20.881830 21.535815 18.969232 23.724767 21.490547 20.874060 21.374428 19.047911 22.802318 23.218654 18.075635 23.515138 23.055371 22.858551 20.662175 30.674288 20.325598 22.149099 24.389985 20.696680 19.215892 20.633026 21.466180 22.327489 21.730184 23.739866 22.694199 20.828375 21.583633 20.251421 19.448352 21.042538 20.332304 21.125697 19.846821 20.934183 19.469170 19.661107 21.691648 23.509981 20.888024 21.737540 24.473555 19.211038 22.183451 21.116916 19.710450 21.408039 22.958969 24.106208 21.183525 22.568446 22.280748 22.359243 21.453643 23.724162 23.992210 23.152658 19.176628 23.406523
20.364806 18.660576 17.865766 17.414708 18.846201 20.404856 19.528463 18.002549 21.514194 16.609214 16.734264 21.210562 20.542139 20.489455 19.484713 19.935841 19.616911 17.034852 16.408206 16.102135 18.216862 18.821458 15.783898 19.675103 19.971980 19.704714 20.774568 16.896053 19.406534 18.981441 17.778324 19.902084 19.944290 19.984408 18.935300 20.325598 26.226131 18.060796 19.170710 16.905227 17.435662 18.598496 19.400981 20.675034 18.777771 20.716539 18.663867 18.226121 18.844340 17.878029 17.690316 19.806937 18.486279 16.907973 18.382351 16.937308 17.476732 18.971032 20.032656 20.609072 18.741506 19.774249 19.683581 16.544094 21.291899 18.248996 17.416496 19.359179 20.228564 21.910112 19.498956 19.927573 21.544340 17.916494 19.307089 17.923757 18.952992 18.420766 17.736461 18.828222
21.570972 21.310673 19.758619 19.533693 20.463437 23.861970 20.462198 18.875977 22.154597 17.527586 16.618809 21.272422 20.131542 22.623176 20.399589 18.665453 20.660485 18.356671 20.357709 18.022548 20.011977 19.769127 16.684293 21.967691 18.736326 21.557777 22.517793 18.445361 21.745529 21.843255 18.179072 22.467136 23.423094 23.005102 19.118848 22.149099 18.060796 29.129586 21.759385 17.767444 20.392801 18.047043 21.844213 21.500968 21.740570 23.036005 19.755124 21.330427 20.683986 19.860979 18.525412 20.988833 20.525422 18.607511 20.734454 18.925683 17.914580 19.567282 21.797266 21.134660 18.847128 21.290564 21.770849 19.785092 22.319423 19.412292 18.782937 20.245236 23.420577 23.410942 21.177726 22.056087 19.526647 22.139251 21.121808 21.853434 21.510389 21.651373 19.725984 22.873568
21.709414 21.186291 19.973113 19.847318 20.405250 23.987736 21.245330 20.342408 22.899847 18.834949 16.304192 22.526762 21.467965 20.867480 19.376299 17.931096 21.121854 18.407391 20.199019 18.250717 20.993654 19.245263 17.925767 22.496230 20.604307 21.484744 22.501984 18.804873 22.798406 21.511847 19.194179 22.654938 22.342123 23.052277 19.086957 24.389985 19.170710 21.759385 30.201043 19.174766 19.775668 19.031904 21.619247 22.732955 20.942018 22.098601 21.278351 21.238797 19.775299 20.901708 17.558477 21.561377 21.530305 18.472595 18.901593 19.887862 18.542218 18.595935 21.775072 22.248838 21.301366 20.420282 23.664940 19.094414 21.215147 19.776858 18.924459 20.292380 21.903217 24.538508 20.395135 23.385970 21.522144 21.625816 20.740869 22.930929 22.016524 21.401989 17.648873 22.578200
17.288274 16.711512 17.172620 17.459213 16.931181 19.224591 18.851024 17.864697 20.591721 14.179464 14.306258 19.092588 18.888761 19.162033 17.041419 17.072760 18.459966 16.567643 16.476858 16.086745 17.342645 16.958130 15.978813 19.373585 18.123071 17.014163 17.125126 15.278970 17.955155 19.728627 15.926146 18.636008 19.180710 18.749317 17.935518 20.696680 16.905227 17.767444 19.174766 23.357790 16.717074 17.637209 17.557594 19.424206 19.583641 19.869978 18.605848 16.828533 18.035504 17.250111 15.108168 16.925618 17.366236 16.451925 16.711536 17.503332 15.761940 16.229934 19.303579 20.000438 16.005211 17.643733 20.159754 15.402047 18.605436 17.286481 17.202550 17.698755 19.033804 20.128664 17.459867 17.551552 18.097920 18.143447 15.704242 17.556251 17.737300 19.134076 14.681168 19.440177
17.665491 18.270611 17.867643 17.735276 18.548983 20.988262 18.395726 18.731545 21.266786 16.754185 15.452274 18.956561 19.653212 19.402212 19.561247 17.646669 20.591220 17.767115 17.685402 17.222994 17.863582 19.388121 15.793895 20.353880 18.741829 19.059857 20.881823 17.613392 18.233624 20.333305 18.466415 20.798782 20.132040 20.745264 17.072185 19.215892 17.435662 20.392801 19.775668 16.717074 25.941996 18.563338 19.521818 19.768832 19.062820 21.096432 18.429034 17.692567 19.237962 17.462015 17.849082 19.561154 18.699320 16.103969 19.664458 18.894433 17.490308 17.402792 20.000219 20.814917 17.772491 19.211520 20.679082 17.450866 18.397878 19.276633 15.753514 19.050419 20.378057 20.162495 19.957493 19.018501 19.133557 20.586247 17.828823 20.290802 19.010431 19.888107 17.946413 19.848367
17.489842 18.088467 18.270893 17.921618 18.136059 21.521412 21.557631 20.001679 21.274169 17.239105 14.779778 20.124010 20.636562 21.610935 19.278059 17.875355 20.585240 17.397609 18.140795 17.349579 18.275451 18.430959 15.170889 21.988463 20.889617 18.847915 18.747008 17.035778 18.572191 21.248835 17.819198 19.575892 20.357879 21.097759 18.630461 20.633026 18.598496 18.047043 19.031904 17.637209 18.563338 27.366525 20.618474 20.100848 19.653021 22.662547 20.573537 18.236730 20.203498 18.722104 18.528382 18.661287 19.708761 19.447054 18.217983 18.690781 16.898102 19.075736 19.733990 20.930123 17.716865 19.504902 23.147991 16.985809 20.501154 18.009268 18.457180 20.158299 19.829651 22.358650 18.624109 20.239728 19.363538 20.064586 20.081184 20.189103 18.621124 20.216179 18.387456 21.176261
20.769946 18.894032 20.226026 18.762409 20.205436 23.205911 19.754108 19.747685 22.204029 18.053588 16.715141 22.192783 20.440253 22.582546 21.042989 18.787496 21.515549 17.646409 19.752704 18.425886 20.890061 19.356839 16.055333 21.598816 21.957154 21.375771 23.280302 18.398707 20.254524 23.526940 18.916190 22.233822 21.910224 22.705943 20.414183 21.466180 19.400981 21.844213 21.619247 17.557594 19.521818 20.618474 28.968886 20.488247 21.790966 23.945555 20.997249 18.882837 20.269814 18.678784 17.929072 19.525870 20.088916 18.465559 19.946103 20.931834 17.632987 19.839722 20.281738 20.289800 20.372668 20.887784 24.148204 19.693564 21.865304 19.137515 19.218900 20.148223 23.191250 22.864776 20.334986 23.213852 21.257526 21.348785 21.181356 21.672665 20.338358 21.224178 20.342205 23.934925
20.180683 21.250666 18.975571 20.662005 21.269273 22.284267 20.570922 19.490137 21.544429 17.110689 17.947586 22.555435 20.232305 21.344990 21.203495 18.821704 20.891731 17.795068 18.768157 18.978243 20.650370 17.919993 17.625376 22.372621 19.099476 22.406510 21.135977 18.026902 22.245703 22.096797 19.583331 21.682299 21.284688 22.154194 19.675195 22.327489 20.675034 21.500968 22.732955 19.424206 19.768832 20.100848 20.488247 29.452764 20.347425 22.928616 19.922094 19.522993 20.106466 18.862530 18.342133 22.286196 21.604428 18.066878 19.966570 20.003033 17.683903 19.732336 21.696962 21.707422 20.581207 21.217631 22.762945 19.258038 22.161722 20.302828 18.323984 21.204969 22.623104 23.879512 19.705108 22.062289 22.576017 21.023826 18.540482 21.612970 20.888665 21.907024 19.845126 20.823026
18.904652 20.066234 19.902312 19.149321 18.740926 22.751618 21.293487 18.298110 23.473515 16.349120 16.185927 20.209924 21.031386 21.983767 18.991662 17.039641 18.779183 17.313010 19.316061 18.918933 20.598661 20.289882 16.840720 20.584591 19.297674 19.367870 21.122521 18.058056 20.156654 21.664035 17.853760 21.290876 20.289164 20.745627 18.017632 21.730184 18.777771 21.740570 20.942018 19.583641 19.062820 19.653021 21.790966 20.347425 27.750322 21.503674 20.988566 20.757556 20.097298 19.242692 18.747447 20.449286 19.947113 18.924540 19.283809 19.143699 17.409799 19.558017 20.154627 21.669173 17.672102 20.387453 22.843301 18.570313 21.612952 18.767663 17.722392 19.556508 21.757449 21.444124 20.077626 19.170337 19.294849 21.874591 19.777575 20.644857 19.602397 20.195455 18.682586 22.649410
21.473751 21.239863 20.573307 21.152996 21.336953 24.421750 22.339416 21.637134 23.806666 18.078096 18.196005 23.396894 21.855548 24.588429 23.024939 21.533680 23.427299 19.199909 21.865637 21.072003 21.521582 21.876662 17.708562 23.505313 21.552692 22.393109 23.388918 19.886796 22.080837 24.993701 19.205305 23.440253 23.432537 24.726820 21.209346 23.739866 20.716539 23.036005 22.098601 19.869978 21.096432 22.662547 23.945555 22.928616 21.503674 31.976335 23.009448 19.911165 21.414902 20.487305 20.251842 22.318278 20.620255 20.770635 22.144590 23.305828 19.408541 20.806623 22.603243 22.414138 20.965611 22.547105 24.716198 20.598295 23.079291 21.851600 20.643442 22.799508 23.441611 25.751286 21.242309 25.278713 22.961362 22.834364 21.177299 23.427626 22.077351 23.401185 21.354016 23.642194
19.723975 19.214106 19.296756 19.939092 19.896327 21.740049 19.673711 19.512662 23.472777 16.957837 15.693199 22.020926 20.098565 22.173982 19.115022 19.100125 20.561992 16.813271 18.348387 17.521186 19.214346 20.480532 15.876017 19.401292 19.711073 18.554308 21.271653 16.840525 20.012448 21.605081 17.408823 21.093523 20.917170 20.012207 18.001479 22.694199 18.663867 19.755124 21.278351 18.605848 18.429034 20.573537 20.997249 19.922094 20.988566 23.009448 27.904835 19.519060 19.976763 17.140631 18.449724 17.541536 19.884468 17.467011 17.884136 18.632631 16.204170 18.243015 20.279964 20.267428 18.373289 20.016571 22.197973 18.281149 22.317984 19.191436 17.700565 20.056335 21.914536 23.447029 18.216430 20.595999 19.196743 21.116246 18.743037 20.765145 19.939609 22.136683 19.328349 22.102561
19.674174 19.153533 19.419571 17.595610 17.656748 21.425381 19.268853 19.177355 20.705911 16.024798 15.869563 20.275025 20.232591 20.667905 17.489679 18.541584 18.800731 17.143676 17.316936 15.576200 18.058340 19.473759 15.257269 18.348212 17.773420 19.156634 21.287630 16.972146 20.047455 19.914778 16.968602 20.443933 20.281715 21.620410 16.944049 20.828375 18.226121 21.330427 21.238797 16.828533 17.692567 18.236730 18.882837 19.522993 20.757556 19.911165 19.519060 27.070691 17.780313 18.525203 16.361184 20.542296 17.857478 17.324522 19.958127 17.514393 16.267868 17.805629 21.762732 19.208894 18.532323 19.418268 21.338872 18.113072 20.642343 19.375906 15.221124 18.866202 19.816539 21.221590 20.037468 18.935603 18.691053 21.232431 19.194879 19.573174 21.034229 19.495876 18.844050 21.446411
19.110181 18.160402 17.956543 17.903202 18.299615 21.422146 19.776430 19.107511 21.709537 18.074897 15.676760 20.855773 20.317847 21.578351 18.803695 17.969065 19.392638 17.572487 19.039498 17.313770 19.688711 19.750418 15.920695 20.354792 20.154338 19.289903 19.397529 15.855103 19.704833 19.711485 17.999128 18.863210 19.057624 20.086665 18.886279 21.583633 18.844340 20.683986 19.775299 18.035504 19.237962 20.203498 20.269814 20.106466 20.097298 21.414902 19.976763 17.780313 26.276950 19.395458 18.654913 17.858994 20.179208 18.276550 18.206894 18.650061 16.235668 18.024268 20.378637 21.185250 17.537471 19.805949 21.358403 17.231830 20.688198 18.736239 16.795795 20.617867 20.403495 22.621524 19.658505 20.351055 19.538099 19.668028 19.331897 20.398366 20.251958 21.575323 17.661442 20.893994
